Inference for Stan model: anon_model.
2 chains, each with iter=2000; warmup=1000; thin=1; 
post-warmup draws per chain=1000, total post-warmup draws=2000.

              mean se_mean   sd     2.5%      25%      50%
alpha[1]      0.34    0.00 0.09     0.18     0.28     0.34
alpha[2]      0.14    0.00 0.03     0.09     0.12     0.14
alpha[3]      0.17    0.00 0.04     0.09     0.14     0.17
alpha[4]      0.25    0.00 0.06     0.16     0.21     0.25
alpha[5]      0.09    0.00 0.03     0.04     0.07     0.09
alpha[6]      0.35    0.01 0.30     0.00     0.08     0.27
alpha[7]      0.17    0.00 0.04     0.10     0.14     0.17
alpha[8]      0.13    0.00 0.13     0.02     0.04     0.08
alpha[9]      0.18    0.00 0.04     0.10     0.16     0.18
alpha[10]     0.08    0.00 0.04     0.03     0.05     0.07
alpha[11]     0.17    0.00 0.07     0.05     0.13     0.17
alpha[12]     0.16    0.00 0.05     0.05     0.13     0.17
alpha[13]     0.31    0.00 0.13     0.11     0.22     0.30
alpha[14]     0.20    0.00 0.05     0.12     0.17     0.20
alpha[15]     0.70    0.01 0.26     0.08     0.55     0.77
alpha[16]     0.32    0.00 0.04     0.24     0.29     0.31
alpha[17]     0.30    0.00 0.05     0.21     0.27     0.30
alpha[18]     0.32    0.00 0.07     0.20     0.27     0.32
alpha[19]     0.15    0.00 0.04     0.08     0.12     0.15
alpha[20]     0.30    0.00 0.06     0.19     0.26     0.30
alpha[21]     0.22    0.00 0.07     0.10     0.17     0.21
alpha[22]     0.23    0.00 0.09     0.09     0.16     0.22
alpha[23]     0.10    0.00 0.04     0.04     0.07     0.10
alpha[24]     0.27    0.00 0.05     0.18     0.24     0.27
alpha[25]     0.22    0.00 0.06     0.12     0.18     0.22
alpha[26]     0.27    0.00 0.04     0.20     0.24     0.26
alpha[27]     0.34    0.00 0.09     0.19     0.28     0.33
alpha[28]     0.23    0.00 0.07     0.11     0.17     0.22
alpha[29]     0.30    0.00 0.05     0.21     0.26     0.30
alpha[30]     0.27    0.00 0.09     0.13     0.20     0.26
beta[1]       1.34    0.00 0.23     0.90     1.18     1.33
beta[2]       2.08    0.01 0.29     1.56     1.88     2.07
beta[3]       1.83    0.00 0.23     1.40     1.66     1.82
beta[4]       2.53    0.01 0.38     1.81     2.26     2.52
beta[5]       2.17    0.00 0.24     1.70     2.01     2.16
beta[6]       0.13    0.01 0.43     0.00     0.01     0.03
beta[7]       2.21    0.00 0.25     1.74     2.06     2.21
beta[8]       1.07    0.01 0.34     0.57     0.85     1.04
beta[9]       2.67    0.01 0.30     2.12     2.47     2.66
beta[10]      2.28    0.01 0.54     1.23     1.92     2.27
beta[11]      1.30    0.00 0.20     0.94     1.16     1.30
beta[12]      2.39    0.01 0.28     1.87     2.20     2.38
beta[13]      0.77    0.01 0.23     0.40     0.62     0.75
beta[14]      2.24    0.00 0.22     1.84     2.09     2.24
beta[15]      0.13    0.01 0.20     0.01     0.06     0.11
beta[16]      3.58    0.01 0.45     2.79     3.25     3.56
beta[17]      2.31    0.01 0.25     1.85     2.14     2.30
beta[18]      1.54    0.01 0.26     1.07     1.37     1.53
beta[19]      2.36    0.01 0.30     1.79     2.17     2.36
beta[20]      1.79    0.00 0.23     1.37     1.63     1.78
beta[21]      1.03    0.00 0.18     0.70     0.91     1.03
beta[22]      1.66    0.01 0.34     1.10     1.42     1.63
beta[23]      1.31    0.00 0.24     0.85     1.14     1.31
beta[24]      2.79    0.01 0.33     2.19     2.56     2.78
beta[25]      1.44    0.00 0.19     1.09     1.32     1.44
beta[26]      3.12    0.01 0.38     2.40     2.86     3.11
beta[27]      0.87    0.00 0.18     0.53     0.74     0.86
beta[28]      1.71    0.00 0.20     1.33     1.57     1.70
beta[29]      1.81    0.00 0.20     1.45     1.67     1.80
beta[30]      1.41    0.01 0.23     0.97     1.26     1.41
lp__      -4743.07    0.20 5.82 -4755.58 -4746.81 -4742.76
               75%    97.5% n_eff Rhat
alpha[1]      0.40     0.54  2172    1
alpha[2]      0.16     0.20  3046    1
alpha[3]      0.20     0.27  4327    1
alpha[4]      0.28     0.38  1911    1
alpha[5]      0.11     0.16  2938    1
alpha[6]      0.58     0.96  2297    1
alpha[7]      0.19     0.26  2836    1
alpha[8]      0.18     0.47  1246    1
alpha[9]      0.21     0.27  2653    1
alpha[10]     0.09     0.18   999    1
alpha[11]     0.21     0.32  2417    1
alpha[12]     0.20     0.27  1567    1
alpha[13]     0.38     0.63  1602    1
alpha[14]     0.24     0.30  2857    1
alpha[15]     0.90     0.99  1557    1
alpha[16]     0.34     0.41  2302    1
alpha[17]     0.34     0.41  2508    1
alpha[18]     0.37     0.49  2039    1
alpha[19]     0.18     0.24  2119    1
alpha[20]     0.34     0.43  2771    1
alpha[21]     0.27     0.39  3316    1
alpha[22]     0.28     0.43  2060    1
alpha[23]     0.12     0.19  2942    1
alpha[24]     0.30     0.37  2795    1
alpha[25]     0.26     0.35  2694    1
alpha[26]     0.29     0.36  2438    1
alpha[27]     0.40     0.55  2236    1
alpha[28]     0.27     0.40  2722    1
alpha[29]     0.33     0.41  3657    1
alpha[30]     0.32     0.48  1560    1
beta[1]       1.48     1.79  2465    1
beta[2]       2.27     2.65  2989    1
beta[3]       1.98     2.30  4457    1
beta[4]       2.79     3.28  1962    1
beta[5]       2.33     2.66  2740    1
beta[6]       0.07     1.27   827    1
beta[7]       2.37     2.70  3650    1
beta[8]       1.24     1.78   643    1
beta[9]       2.85     3.32  2182    1
beta[10]      2.64     3.38  2053    1
beta[11]      1.43     1.70  2451    1
beta[12]      2.55     2.95  2013    1
beta[13]      0.89     1.23  1410    1
beta[14]      2.39     2.68  2776    1
beta[15]      0.18     0.30   671    1
beta[16]      3.87     4.52  1749    1
beta[17]      2.47     2.83  2171    1
beta[18]      1.71     2.08  1975    1
beta[19]      2.56     2.98  2431    1
beta[20]      1.93     2.23  2926    1
beta[21]      1.15     1.39  3016    1
beta[22]      1.89     2.40  1952    1
beta[23]      1.48     1.80  3458    1
beta[24]      3.02     3.44  2698    1
beta[25]      1.56     1.82  3785    1
beta[26]      3.37     3.89  2254    1
beta[27]      0.98     1.25  2271    1
beta[28]      1.85     2.11  3013    1
beta[29]      1.94     2.21  3177    1
beta[30]      1.56     1.88  2000    1
lp__      -4739.05 -4732.62   812    1