Inference for Stan model: anon_model.
2 chains, each with iter=2000; warmup=1000; thin=1; 
post-warmup draws per chain=1000, total post-warmup draws=2000.

                mean se_mean    sd      2.5%
alpha[1]        0.23    0.01  0.03      0.18
alpha[2]        0.17    0.03  0.03      0.12
alpha[3]        0.18    0.01  0.02      0.15
alpha[4]        0.20    0.02  0.04      0.14
alpha[5]        0.19    0.01  0.02      0.16
alpha[6]        0.17    0.03  0.05      0.06
alpha[7]        0.18    0.02  0.04      0.09
alpha[8]        0.13    0.09  0.10      0.01
alpha[9]        0.20    0.02  0.04      0.14
alpha[10]       0.25    0.04  0.06      0.19
alpha[11]       0.18    0.02  0.04      0.10
alpha[12]       0.16    0.04  0.04      0.10
alpha[13]       0.09    0.01  0.03      0.05
alpha[14]       0.11    0.02  0.05      0.05
alpha[15]       0.10    0.10  0.10      0.00
alpha[16]       0.24    0.04  0.04      0.18
alpha[17]       0.35    0.02  0.06      0.21
alpha[18]       0.21    0.03  0.05      0.13
alpha[19]       0.22    0.04  0.05      0.11
alpha[20]       0.22    0.02  0.03      0.18
alpha[21]       0.11    0.02  0.03      0.06
alpha[22]       0.27    0.09  0.10      0.17
alpha[23]       0.22    0.06  0.07      0.12
alpha[24]       0.19    0.00  0.02      0.16
alpha[25]       0.23    0.04  0.05      0.17
alpha[26]       0.23    0.01  0.03      0.17
alpha[27]       0.20    0.01  0.02      0.16
alpha[28]       0.30    0.08  0.09      0.21
alpha[29]       0.32    0.01  0.05      0.23
alpha[30]       0.25    0.03  0.04      0.20
alpha[31]       0.24    0.01  0.03      0.18
alpha[32]       0.24    0.02  0.03      0.19
alpha[33]       0.19    0.02  0.03      0.14
alpha[34]       0.18    0.00  0.02      0.16
alpha[35]       0.21    0.01  0.03      0.16
alpha[36]       0.27    0.08  0.09      0.17
alpha[37]       0.23    0.02  0.05      0.17
alpha[38]       0.19    0.04  0.04      0.09
alpha[39]       0.31    0.01  0.05      0.22
alpha[40]       0.25    0.02  0.04      0.20
alpha[41]       0.07    0.01  0.03      0.03
alpha[42]       0.21    0.02  0.03      0.16
alpha[43]       0.10    0.00  0.02      0.06
alpha[44]       0.23    0.03  0.03      0.18
alpha[45]       0.20    0.03  0.04      0.14
alpha[46]       0.13    0.03  0.04      0.07
alpha[47]       0.25    0.04  0.05      0.19
alpha[48]       0.19    0.02  0.04      0.13
alpha[49]       0.20    0.01  0.02      0.16
alpha[50]       0.19    0.03  0.04      0.09
alpha[51]       0.14    0.05  0.06      0.05
alpha[52]       0.28    0.02  0.05      0.17
alpha[53]       0.19    0.01  0.02      0.14
alpha[54]       0.26    0.01  0.02      0.21
alpha[55]       0.21    0.00  0.01      0.19
alpha[56]       0.24    0.02  0.05      0.14
alpha[57]       0.16    0.04  0.05      0.05
alpha[58]       0.21    0.03  0.03      0.16
alpha[59]       0.34    0.14  0.15      0.17
alpha[60]       0.14    0.01  0.03      0.09
alpha[61]       0.18    0.02  0.03      0.13
alpha[62]       0.11    0.01  0.03      0.07
alpha[63]       0.21    0.02  0.03      0.16
alpha[64]       0.21    0.01  0.02      0.18
alpha[65]       0.20    0.03  0.04      0.14
alpha[66]       0.17    0.04  0.04      0.08
alpha[67]       0.15    0.05  0.06      0.03
alpha[68]       0.35    0.06  0.08      0.24
alpha[69]       0.13    0.03  0.04      0.07
alpha[70]       0.18    0.00  0.02      0.16
alpha[71]       0.21    0.02  0.05      0.10
alpha[72]       0.22    0.03  0.05      0.15
alpha[73]       0.29    0.01  0.04      0.21
alpha[74]       0.20    0.01  0.03      0.14
alpha[75]       0.16    0.01  0.02      0.11
alpha[76]       0.19    0.01  0.02      0.16
alpha[77]       0.63    0.01  0.08      0.48
alpha[78]       0.21    0.02  0.03      0.15
alpha[79]       0.18    0.04  0.04      0.11
alpha[80]       0.19    0.01  0.02      0.13
alpha[81]       0.19    0.02  0.03      0.15
alpha[82]       0.28    0.01  0.04      0.21
alpha[83]       0.17    0.03  0.04      0.09
alpha[84]       0.19    0.02  0.02      0.15
alpha[85]       0.24    0.01  0.03      0.17
alpha[86]       0.21    0.01  0.02      0.18
alpha[87]       0.20    0.03  0.06      0.07
alpha[88]       0.21    0.01  0.02      0.17
alpha[89]       0.22    0.01  0.01      0.18
alpha[90]       0.33    0.01  0.05      0.25
alpha[91]       0.21    0.04  0.05      0.14
alpha[92]       0.22    0.01  0.01      0.19
alpha[93]       0.21    0.00  0.01      0.19
alpha[94]       0.22    0.01  0.03      0.18
alpha[95]       0.05    0.01  0.02      0.02
alpha[96]       0.22    0.04  0.04      0.17
alpha[97]       0.19    0.03  0.03      0.14
alpha[98]       0.20    0.01  0.01      0.17
alpha[99]       0.23    0.04  0.05      0.16
alpha[100]      0.22    0.04  0.06      0.14
                 25%       50%       75%     97.5%
alpha[1]        0.21      0.23      0.25      0.29
alpha[2]        0.14      0.18      0.21      0.23
alpha[3]        0.16      0.18      0.19      0.22
alpha[4]        0.17      0.20      0.23      0.26
alpha[5]        0.18      0.19      0.20      0.22
alpha[6]        0.14      0.18      0.20      0.24
alpha[7]        0.15      0.19      0.20      0.24
alpha[8]        0.02      0.17      0.20      0.31
alpha[9]        0.18      0.19      0.23      0.28
alpha[10]       0.21      0.22      0.29      0.39
alpha[11]       0.15      0.17      0.20      0.28
alpha[12]       0.12      0.17      0.19      0.22
alpha[13]       0.07      0.08      0.10      0.16
alpha[14]       0.08      0.11      0.13      0.25
alpha[15]       0.00      0.09      0.20      0.23
alpha[16]       0.20      0.23      0.28      0.31
alpha[17]       0.32      0.35      0.38      0.46
alpha[18]       0.17      0.19      0.25      0.32
alpha[19]       0.18      0.22      0.26      0.29
alpha[20]       0.19      0.22      0.24      0.26
alpha[21]       0.09      0.10      0.14      0.17
alpha[22]       0.19      0.20      0.35      0.50
alpha[23]       0.17      0.21      0.26      0.38
alpha[24]       0.18      0.19      0.20      0.22
alpha[25]       0.19      0.23      0.26      0.37
alpha[26]       0.20      0.24      0.26      0.29
alpha[27]       0.19      0.21      0.22      0.23
alpha[28]       0.23      0.26      0.35      0.51
alpha[29]       0.29      0.32      0.36      0.41
alpha[30]       0.22      0.24      0.27      0.33
alpha[31]       0.23      0.24      0.26      0.30
alpha[32]       0.22      0.24      0.26      0.30
alpha[33]       0.16      0.19      0.21      0.23
alpha[34]       0.17      0.18      0.19      0.22
alpha[35]       0.19      0.22      0.23      0.25
alpha[36]       0.19      0.22      0.35      0.43
alpha[37]       0.20      0.22      0.24      0.36
alpha[38]       0.16      0.20      0.22      0.26
alpha[39]       0.28      0.31      0.34      0.42
alpha[40]       0.22      0.24      0.27      0.33
alpha[41]       0.05      0.06      0.08      0.14
alpha[42]       0.18      0.20      0.23      0.26
alpha[43]       0.08      0.09      0.11      0.15
alpha[44]       0.20      0.23      0.25      0.28
alpha[45]       0.16      0.20      0.23      0.27
alpha[46]       0.10      0.13      0.17      0.19
alpha[47]       0.21      0.24      0.29      0.35
alpha[48]       0.17      0.19      0.21      0.32
alpha[49]       0.19      0.20      0.22      0.25
alpha[50]       0.16      0.20      0.23      0.25
alpha[51]       0.08      0.15      0.19      0.21
alpha[52]       0.25      0.28      0.31      0.37
alpha[53]       0.18      0.19      0.20      0.24
alpha[54]       0.24      0.26      0.27      0.31
alpha[55]       0.21      0.21      0.22      0.23
alpha[56]       0.21      0.24      0.27      0.35
alpha[57]       0.11      0.18      0.20      0.23
alpha[58]       0.18      0.20      0.24      0.26
alpha[59]       0.20      0.28      0.49      0.58
alpha[60]       0.12      0.14      0.15      0.20
alpha[61]       0.15      0.17      0.21      0.25
alpha[62]       0.09      0.11      0.13      0.17
alpha[63]       0.19      0.21      0.23      0.25
alpha[64]       0.20      0.21      0.22      0.26
alpha[65]       0.17      0.19      0.24      0.25
alpha[66]       0.13      0.18      0.20      0.22
alpha[67]       0.10      0.19      0.20      0.23
alpha[68]       0.28      0.32      0.43      0.49
alpha[69]       0.09      0.13      0.17      0.21
alpha[70]       0.17      0.19      0.20      0.21
alpha[71]       0.19      0.21      0.24      0.32
alpha[72]       0.19      0.20      0.23      0.36
alpha[73]       0.26      0.29      0.32      0.38
alpha[74]       0.18      0.20      0.22      0.24
alpha[75]       0.15      0.16      0.18      0.20
alpha[76]       0.18      0.20      0.21      0.22
alpha[77]       0.57      0.62      0.67      0.80
alpha[78]       0.18      0.22      0.23      0.27
alpha[79]       0.15      0.19      0.22      0.24
alpha[80]       0.18      0.19      0.20      0.24
alpha[81]       0.17      0.19      0.21      0.26
alpha[82]       0.25      0.28      0.31      0.35
alpha[83]       0.13      0.18      0.20      0.21
alpha[84]       0.18      0.20      0.21      0.22
alpha[85]       0.21      0.24      0.26      0.30
alpha[86]       0.19      0.20      0.22      0.24
alpha[87]       0.19      0.21      0.24      0.30
alpha[88]       0.20      0.20      0.22      0.27
alpha[89]       0.21      0.22      0.23      0.24
alpha[90]       0.29      0.32      0.35      0.44
alpha[91]       0.16      0.20      0.25      0.30
alpha[92]       0.21      0.22      0.23      0.25
alpha[93]       0.21      0.22      0.22      0.24
alpha[94]       0.20      0.21      0.23      0.29
alpha[95]       0.04      0.05      0.07      0.09
alpha[96]       0.18      0.20      0.25      0.30
alpha[97]       0.17      0.20      0.22      0.23
alpha[98]       0.19      0.20      0.21      0.23
alpha[99]       0.18      0.20      0.28      0.32
alpha[100]      0.17      0.21      0.28      0.31
           n_eff  Rhat
alpha[1]      13  1.12
alpha[2]       1  3.02
alpha[3]       8  1.21
alpha[4]       4  2.15
alpha[5]      10  1.05
alpha[6]       2  1.64
alpha[7]       4  1.81
alpha[8]       1  2.33
alpha[9]       2  1.89
alpha[10]      2  1.69
alpha[11]      3  1.37
alpha[12]      1  2.80
alpha[13]      5  1.28
alpha[14]      7  1.39
alpha[15]      1 10.66
alpha[16]      1  3.32
alpha[17]      8  1.33
alpha[18]      4  2.51
alpha[19]      1  2.91
alpha[20]      1  2.43
alpha[21]      2  1.51
alpha[22]      1  2.25
alpha[23]      1  1.82
alpha[24]     21  1.06
alpha[25]      2  1.70
alpha[26]      8  1.36
alpha[27]      3  1.63
alpha[28]      1  2.23
alpha[29]     11  1.21
alpha[30]      1  2.28
alpha[31]     10  1.19
alpha[32]      2  1.43
alpha[33]      2  1.77
alpha[34]     13  1.06
alpha[35]      6  1.17
alpha[36]      1  2.58
alpha[37]      7  1.56
alpha[38]      2  2.53
alpha[39]     26  1.11
alpha[40]      3  1.44
alpha[41]      7  1.22
alpha[42]      2  1.47
alpha[43]     25  1.09
alpha[44]      1  2.46
alpha[45]      1  2.31
alpha[46]      1  1.90
alpha[47]      1  2.47
alpha[48]      7  1.30
alpha[49]     12  1.01
alpha[50]      2  2.33
alpha[51]      1  3.57
alpha[52]      8  1.49
alpha[53]      8  1.45
alpha[54]      4  1.50
alpha[55]      9  1.54
alpha[56]      5  1.51
alpha[57]      1  2.37
alpha[58]      1  4.73
alpha[59]      1  3.01
alpha[60]     14  1.24
alpha[61]      4  1.66
alpha[62]      8  1.59
alpha[63]      1  2.71
alpha[64]      9  1.44
alpha[65]      1  3.42
alpha[66]      1  3.36
alpha[67]      1  2.97
alpha[68]      2  2.08
alpha[69]      2  1.72
alpha[70]     10  1.26
alpha[71]      5  1.62
alpha[72]      3  1.99
alpha[73]     15  1.04
alpha[74]      5  1.47
alpha[75]     10  1.28
alpha[76]      1  2.22
alpha[77]     28  1.07
alpha[78]      4  1.39
alpha[79]      1  3.01
alpha[80]      8  1.18
alpha[81]      3  1.46
alpha[82]      9  1.20
alpha[83]      1  2.07
alpha[84]      1  2.43
alpha[85]     18  1.01
alpha[86]      2  1.44
alpha[87]      5  2.30
alpha[88]      5  1.95
alpha[89]      2  1.37
alpha[90]     12  1.22
alpha[91]      1  2.17
alpha[92]      2  1.42
alpha[93]     10  1.34
alpha[94]      4  1.70
alpha[95]      2  1.51
alpha[96]      1  2.56
alpha[97]      1  2.24
alpha[98]      6  1.17
alpha[99]      1  1.89
alpha[100]     2  1.95